[Command: python -u /home/huilin/PythonLearner/IntroPy/SVMtest.py]
correct:  1.0
err_count: 0
Support Vector: [[  4.42612120e-01   9.34944232e-01   9.62139303e-01   4.87740767e-01
    1.96163232e-01   4.41912701e-01   4.51016760e-01   2.23959020e-01
    8.74162262e-01   9.13835546e-01   4.64124021e-01   9.25760003e-01
    4.92727282e-01   2.38621301e-01   8.68814659e-02   1.97894355e-01
    2.03550726e-01   1.01012911e-01   4.36591731e-01   4.80088643e-01
    2.30059006e-01   4.47123601e-01   2.52007830e-01   1.11492371e-01
    8.17312407e-01   8.57257086e-01   4.35114278e-01   8.90218789e-01
    4.83570853e-01   2.29926134e-01   8.90733206e-01   4.82863037e-01
    2.47824918e-01   1.16565023e-01]
 [  4.91827504e-02   6.18530086e-01   6.30092182e-01   5.29236227e-02
    2.46779874e-03   3.25176863e-02   3.31170935e-02   2.44767046e-03
    3.82740633e-01   3.96121519e-01   3.39650228e-02   3.97323059e-01
    3.57847990e-02   2.94740533e-03   1.22612861e-04   1.64724962e-03
    1.67776571e-03   1.41112989e-04   2.14415180e-02   2.33362924e-02
    1.87434392e-03   2.15249225e-02   2.03878998e-03   1.53285367e-04
    2.36786522e-01   2.45893155e-01   2.11804506e-02   2.52812553e-01
    2.33028881e-02   1.88017351e-03   2.50447145e-01   2.30403249e-02
    2.00662266e-03   1.60185474e-04]
 [  4.35625332e-01   2.31095929e-01   2.06552176e-01   4.29177459e-01
    1.90026284e-01   1.07397747e-01   9.55148084e-02   1.93993604e-01
    5.35266996e-02   4.86386156e-02   1.00948598e-01   4.28796000e-02
    9.32588045e-02   1.84909316e-01   8.28364106e-02   4.74370074e-02
    4.24372152e-02   8.61386769e-02   2.63118234e-02   2.51570337e-02
    4.93042673e-02   2.03835882e-02   4.69746426e-02   8.50339470e-02
    1.23838887e-02   1.12971044e-02   2.34534280e-02   1.02033158e-02
    2.26673781e-02   4.40885292e-02   8.87937473e-03   1.96880786e-02
    4.13306400e-02   7.95141319e-02]
 [  5.00015454e-01   7.28674649e-01   2.45623635e-01   8.42348341e-01
    2.50276639e-01   3.89036245e-01   1.30295004e-01   4.36670932e-01
    5.31101787e-01   1.82180623e-01   6.24062014e-01   6.05749525e-02
    2.17337956e-01   7.09938861e-01   1.25207690e-01   1.96801702e-01
    6.64314841e-02   2.22297447e-01   2.99614263e-01   1.08116017e-01
    3.49384480e-01   3.30465067e-02   1.25583788e-01   3.74678819e-01
    3.87049679e-01   1.33228001e-01   4.55977761e-01   4.54032420e-02
    1.66303530e-01   5.33200785e-01   1.49088450e-02   5.44973372e-02
    1.88604825e-01   5.98180144e-01]
 [  1.49497162e-01   8.64552697e-01   1.47286311e-01   9.44161701e-01
    2.24822372e-02   1.38137743e-01   2.34364042e-02   1.46437240e-01
    7.47531352e-01   1.29827507e-01   8.29774607e-01   2.18586311e-02
    1.46274451e-01   8.91595406e-01   3.37106407e-03   2.09736362e-02
    3.58479224e-03   2.23783752e-02   1.26393829e-01   2.30876562e-02
    1.39209613e-01   3.57408543e-03   2.53226754e-02   1.41031220e-01
    6.46314864e-01   1.12645748e-01   7.19231367e-01   1.94378213e-02
    1.32820894e-01   7.94444020e-01   3.23181919e-03   2.20385286e-02
    1.42287564e-01   8.41883315e-01]
 [  3.59075954e-01   4.02439636e-01   6.67824866e-02   5.03938699e-01
    1.29175977e-01   1.54236492e-01   2.56111916e-02   1.87701127e-01
    1.62121921e-01   2.75375601e-02   2.06386144e-01   4.54196327e-03
    3.55537954e-02   2.54684851e-01   4.64273430e-02   5.61204772e-02
    9.38922446e-03   6.87207361e-02   6.57062965e-02   1.17446421e-02
    8.30447615e-02   1.78023907e-03   1.47800841e-02   9.65651143e-02
    6.52774237e-02   1.11366036e-02   8.33680621e-02   1.88104662e-03
    1.50676498e-02   1.05683236e-01   3.06144870e-04   2.44757793e-03
    1.85279513e-02   1.28531254e-01]
 [  8.94614889e-02   5.58961810e-01   5.07216011e-01   4.03557009e-01
    8.08846018e-03   5.33953780e-02   4.82864506e-02   3.73610606e-02
    3.12606692e-01   2.88244974e-01   2.29689016e-01   2.57597199e-01
    2.15123931e-01   1.63561759e-01   7.27479089e-04   4.87950390e-03
    4.42746549e-03   3.44828991e-03   3.17038074e-02   3.07449620e-02
    2.31073937e-02   2.52639234e-02   2.23303438e-02   1.55174156e-02
    1.74782350e-01   1.61710770e-01   1.28823949e-01   1.48130018e-01
    1.26288798e-01   9.42464052e-02   1.30741215e-01   1.11238221e-01
    8.96066640e-02   6.61499887e-02]
 [  1.11876905e-01   8.31340548e-03   1.30081654e-02   2.05012963e-02
    1.26202472e-02   7.33967598e-04   1.59662562e-03   2.20516180e-03
    7.47439536e-05   8.99067224e-05   0.00000000e+00   1.86117954e-04
    2.02724183e-04   4.78994602e-04   1.41780228e-03   1.17554013e-04
    1.85886666e-04   2.91633718e-04   9.36064827e-06   8.17432266e-06
    0.00000000e+00   2.27797369e-05   2.05081535e-05   5.57231922e-05
    6.47669977e-07   1.00277935e-06   1.57825332e-06   1.62245246e-06
    0.00000000e+00   3.90189515e-06   2.54771454e-06   4.25160278e-06
    6.88691839e-06   1.05504746e-05]
 [  7.69228775e-01   2.26062407e-01   7.26607750e-01   1.24846649e-01
    5.91898366e-01   1.85643203e-01   5.91795936e-01   1.00254109e-01
    5.12237167e-02   1.67071532e-01   2.88277696e-02   5.28220392e-01
    9.60092405e-02   1.59060239e-02   4.55376730e-01   1.44544743e-01
    4.63938329e-01   7.86972021e-02   4.44394788e-02   1.52482228e-01
    2.49557855e-02   4.43158477e-01   8.53635506e-02   1.29100557e-02
    1.15933257e-02   3.79445205e-02   6.58310273e-03   1.22957076e-01
    2.28276049e-02   3.71014263e-03   3.83904318e-01   7.11367062e-02
    1.24796844e-02   2.00644884e-03]
 [  3.81215769e-01   4.97665334e-01   4.37614610e-01   4.88487915e-01
    1.45571906e-01   2.02537256e-01   1.76844666e-01   1.93176177e-01
    2.47841543e-01   2.21474893e-01   2.47417198e-01   1.91830607e-01
    2.24575459e-01   2.39350740e-01   5.55414731e-02   7.81958628e-02
    6.87611130e-02   7.50757292e-02   1.06631964e-01   1.00236509e-01
    1.05674286e-01   7.98137315e-02   9.89607766e-02   9.63385255e-02
    1.23384722e-01   1.10637736e-01   1.23551513e-01   9.82218194e-02
    1.17385954e-01   1.22801692e-01   8.40191034e-02   1.00208971e-01
    1.13156688e-01   1.17099917e-01]
 [  7.43932778e-01   7.69920373e-01   9.22498312e-01   1.14223678e-01
    5.53634998e-01   6.11527784e-01   7.26517143e-01   8.87652015e-02
    5.92898377e-01   7.21603700e-01   9.02364962e-02   8.51097277e-01
    1.11638278e-01   1.33427612e-02   4.11941406e-01   4.59974118e-01
    5.50831307e-01   6.74191368e-02   4.97469576e-01   6.36884185e-01
    7.52563474e-02   6.90575544e-01   9.59846259e-02   1.04737326e-02
    4.56531180e-01   5.57493375e-01   6.97898448e-02   6.74018278e-01
    9.02993529e-02   1.05893568e-02   7.85179317e-01   1.04979753e-01
    1.32886636e-02   1.54159701e-03]
 [  9.60211327e-01   5.34257492e-01   3.54154310e-01   9.93558755e-01
    9.22045706e-01   5.47703176e-01   3.60344579e-01   9.88783548e-01
    2.85601028e-01   1.92470001e-01   5.39615973e-01   1.25726453e-01
    3.69300719e-01   9.87177704e-01   8.85377926e-01   5.31682121e-01
    3.52591475e-01   9.65725184e-01   3.09250543e-01   2.19244590e-01
    5.79908588e-01   1.31650996e-01   4.09544402e-01   1.00000000e+00
    1.52629978e-01   1.03215173e-01   2.89143015e-01   6.91050840e-02
    2.07179592e-01   5.43695639e-01   4.45801943e-02   1.33381260e-01
    3.77827044e-01   9.80828384e-01]
 [  3.89618063e-01   3.22397358e-01   4.59615035e-01   2.46152693e-01
    1.52050689e-01   1.34042926e-01   1.89811755e-01   9.96094396e-02
    1.04089273e-01   1.50724544e-01   8.09054797e-02   2.11573019e-01
    1.19143621e-01   6.11334957e-02   5.92902910e-02   5.29309802e-02
    7.54266540e-02   3.96312055e-02   4.57693027e-02   6.97194124e-02
    3.53566058e-02   8.99653649e-02   5.36713597e-02   2.51474883e-02
    3.35822368e-02   4.87984900e-02   2.62244796e-02   7.02047140e-02
    4.03748684e-02   2.03268129e-02   9.73176193e-02   5.58568420e-02
    3.03532358e-02   1.51161149e-02]
 [  6.25741172e-01   3.48744524e-01   6.50412292e-01   1.77664880e-01
    3.91796680e-01   2.32958481e-01   4.31028671e-01   1.15727039e-01
    1.21777878e-01   2.30625458e-01   6.32641814e-02   4.23335545e-01
    1.21921091e-01   3.19918216e-02   2.45240054e-01   1.47524585e-01
    2.74921552e-01   7.38748999e-02   8.59553939e-02   1.71242566e-01
    4.44155659e-02   2.88958543e-01   8.81741754e-02   2.11251541e-02
    4.24964987e-02   8.07571306e-02   2.21950305e-02   1.51939812e-01
    4.46883233e-02   1.15058234e-02   2.75440303e-01   8.08513856e-02
    2.24693009e-02   5.72269281e-03]
 [  7.80509574e-01   4.51388939e-01   7.26600175e-01   5.49961644e-01
    6.09374174e-01   3.76142552e-01   6.00462921e-01   4.45281102e-01
    2.03921122e-01   3.33374370e-01   2.52588879e-01   5.28209389e-01
    4.19507291e-01   3.03181198e-01   4.75692364e-01   2.96916821e-01
    4.77631134e-01   3.53703697e-01   1.79505886e-01   3.08702126e-01
    2.20750456e-01   4.49643649e-01   3.78188855e-01   2.49673925e-01
    9.20860012e-02   1.51055056e-01   1.14411461e-01   2.45323831e-01
    1.98857357e-01   1.41096186e-01   3.83892323e-01   3.10547382e-01
    2.37843403e-01   1.66938535e-01]
 [  5.07859389e-01   5.44973921e-02   4.65406831e-01   1.98028686e-01
    2.58182278e-01   2.94424660e-02   2.50459747e-01   1.04589828e-01
    3.00516142e-03   2.59081089e-02   1.09090094e-02   2.16931128e-01
    9.71756859e-02   3.96795299e-02   1.31186804e-01   1.52714877e-02
    1.29686084e-01   5.42154793e-02   1.72183508e-03   1.56251363e-02
    6.28712546e-03   1.20200386e-01   5.70557880e-02   2.12693834e-02
    1.64750533e-04   1.42660502e-03   6.09911509e-04   1.22311092e-02
    5.59420089e-03   2.24149090e-03   1.01037788e-01   4.61408417e-02
    1.99493962e-02   7.90466328e-03]
 [  2.18379353e-01   9.59936004e-04   2.21591952e-02   2.26260701e-01
    4.78678673e-02   0.00000000e+00   5.25318113e-03   5.12303809e-02
    1.57652952e-06   0.00000000e+00   1.07874981e-04   5.19561310e-04
    5.32579037e-03   5.17055791e-02   1.04729650e-02   6.69415628e-05
    1.17718863e-03   1.14741400e-02   2.94941156e-07   0.00000000e+00
    4.93844148e-05   1.23989048e-04   1.35327904e-03   1.19332692e-02
    2.16346001e-09   0.00000000e+00   2.97404795e-07   6.58297178e-07
    4.57255974e-06   6.89535899e-05   1.18573712e-05   1.26136653e-04
    1.27252872e-03   1.17579494e-02]
 [  3.94591827e-01   6.08819748e-01   2.32710570e-01   7.03522550e-01
    1.55952286e-01   2.56505030e-01   9.74525673e-02   2.87869540e-01
    3.70824158e-01   1.44241055e-01   4.35612124e-01   5.43893218e-02
    1.72037280e-01   4.95553598e-01   6.15869336e-02   1.02469632e-01
    3.92243780e-02   1.15728677e-01   1.65134759e-01   6.75713584e-02
    1.92528571e-01   2.34224291e-02   7.84734977e-02   2.06449592e-01
    2.25814673e-01   8.81446993e-02   2.65992273e-01   3.40645620e-02
    1.10011576e-01   3.10996824e-01   1.26845590e-02   4.08818944e-02
    1.24747906e-01   3.48848909e-01]
 [  4.90607736e-02   2.35228455e-01   2.77848998e-01   3.83513347e-02
    2.45570040e-03   1.21587211e-02   1.45716211e-02   1.69318009e-03
    5.54553036e-02   6.65524851e-02   9.32552075e-03   7.74642686e-02
    1.14919346e-02   1.57861689e-03   1.21712404e-04   6.23776988e-04
    7.37177680e-04   1.02748344e-04   3.09893911e-03   3.90607806e-03
    5.03513592e-04   4.18627699e-03   6.43702692e-04   8.13450616e-05
    1.30591805e-02   1.57312969e-02   2.24653512e-03   1.87619118e-02
    2.86474036e-03   3.83246084e-04   2.15603347e-02   3.28844074e-03
    4.74691682e-04   6.28456666e-05]
 [  3.03985074e-02   9.73150030e-01   9.68958214e-01   6.00575314e-01
    9.54862241e-04   3.18138168e-02   3.16687947e-02   1.89124674e-02
    9.47038829e-01   9.57903081e-01   5.94559604e-01   9.38919625e-01
    6.10695153e-01   3.61391827e-01   2.95185575e-05   1.00265799e-03
    9.98109201e-04   6.05096982e-04   3.30044958e-02   3.51081527e-02
    2.05408169e-02   3.16431721e-02   2.17754778e-02   1.17813084e-02
    9.21619558e-01   9.35301892e-01   5.80113513e-01   9.39754949e-01
    6.23802990e-01   3.62446793e-01   9.09793109e-01   6.02681526e-01
    3.77987892e-01   2.17255085e-01]
 [  4.29484778e-01   6.39534604e-01   2.12810542e-01   7.51110403e-01
    1.84713163e-01   2.93276295e-01   9.70146807e-02   3.34495817e-01
    4.09161973e-01   1.38592760e-01   4.88486913e-01   4.55089103e-02
    1.67987154e-01   5.64713224e-01   7.93866641e-02   1.27486734e-01
    4.24965617e-02   1.46324032e-01   1.98298200e-01   7.06599276e-02
    2.34957990e-01   2.13288902e-02   8.33955529e-02   2.56038127e-01
    2.61723672e-01   8.89641776e-02   3.13303194e-01   2.99398644e-02
    1.12839867e-01   3.72268897e-01   9.70846507e-03   3.65159731e-02
    1.30035557e-01   4.24368373e-01]
 [  3.59454452e-01   8.85843650e-01   5.69102405e-01   9.28116247e-01
    1.29448051e-01   3.40068455e-01   2.16800885e-01   3.45893075e-01
    7.84788046e-01   5.12383074e-01   8.35776160e-01   3.24200445e-01
    5.54077836e-01   8.61594762e-01   4.65740995e-02   1.23734680e-01
    7.94892887e-02   1.26663295e-01   3.18401351e-01   2.18670417e-01
    3.36487165e-01   1.27198530e-01   2.30198843e-01   3.27023239e-01
    6.95230136e-01   4.55437916e-01   7.42265400e-01   2.95387733e-01
    5.15221213e-01   7.86611053e-01   1.84595453e-01   3.21317952e-01
    5.29534147e-01   7.99751013e-01]]
weight: [[ -9.81362346 -20.65531711  18.49346634   9.79315679 -26.66754859
   16.73200369   3.71071382  -5.13668459  -8.25369266 -15.71597115
    1.63499296  25.79722867 -40.99670012  39.82151096 -37.8554431
   17.07391354   0.20098037  -3.28521879  -1.32421802   1.89055488
   -0.76473418  -1.97245132  -5.42748667   9.68454532 -50.73711334
   -4.91700678 -16.99600166  15.49585791   4.0238122    1.45662383
   35.90627433  13.30221173   5.87897145  27.4103145 ]]
b: [ 0.19590977]
maxMargin: [ 0.00860109]
[Finished in 1.106s]
